0.0,0.0,0.80225057232076968,0.92063183754057021,0.84042214257087,0.90331029030681631,0.91615663711692685,0.65415871417109417,0.87146198590224511,0.80734735920180667,0.95813587226240382,0.70906255424685616,0.86959219804825671,0.8583073003009144,0.82448445233992318,0.82647897991503072,0.81809649664055073,0.91032913464292708,0.73165920738723655,0.87370958353053096,0.82428286393746686,0.75826416837756194,0.90758972830053031,0.78322499409556579,0.83978412329124374,0.90532917020937365,0.87144983903580764,0.86206891990216128,0.89597351612611287,0.91756271282297075,0.70822767375049567,0.84888073095704619,0.92781631809241405,0.89781512525235119,0.79722919922625723,0.84791037855182783,0.8634219873570389,0.90510695148102349,0.78906055256224128,0.89809563011374949,0.93621033406613086,0.81589723067480091,0.71000137400441032,0.88101738835004051,0.63933806333665255,0.84858226968733397,0.8961818524353965,0.86013132690739846,0.87693469653761846,0.74389767655404249,0.89486977701728931,0.93012647665399495,0.85356667033116318,0.89202114531720544,0.78436153625992089,0.88033848149476746,0.85290528300945057,0.71040592164368299,0.86007924021237625,0.83530249855478467,0.90725106346186646,0.90607385445604094,0.85792484231392618,0.80931569403886761,0.76495928408714997,0.84498290041093405
1.0,0.80225057232076968,0.0,0.75243020088870272,0.82091417018926072,0.86231033333443707,0.70299078488060451,0.81007197564911793,0.78395277787154349,0.84886615324366144,0.93199294281590794,0.80682949228336198,0.8499286617243792,0.79633368421875939,0.75576049017391689,0.85141555944383629,0.68752556848975199,0.72256668308545058,0.76426669606606612,0.81784457212755912,0.82846729665407859,0.79815062356216671,0.89097551525238194,0.85692518389131034,0.73046784970194867,0.92050384917619987,0.748029966454552,0.65556792788286866,0.75236736803639304,0.9295986226466173,0.77931214445604802,0.9046928247948206,0.83622026846578879,0.85412755199845269,0.85150573035458943,0.70195742215100265,0.8150189915845204,0.8993358491639718,0.82904009430000369,0.78903091179690732,0.93697827562954261,0.84428065514085915,0.77331887241773944,0.7284414853207225,0.67265175545617406,0.7793244962855792,0.74710387140432721,0.81644170591159626,0.80265227221167312,0.80149082174634911,0.79564551371826586,0.72492238779060525,0.84751230123739274,0.8447839401966919,0.73299602969355537,0.88780482599535471,0.77456997693302876,0.77612427725440281,0.84388225354778379,0.78057841304593922,0.60567679201222435,0.88385778698352413,0.64349559439616522,0.89603402258534648,0.68942712214617186,0.73470499919419985
2.0,0.92063183754057021,0.75243020088870272,0.0,0.8921832977222065,0.86467076225111139,0.68500015987297613,0.88192457730895979,0.79935518046428167,0.92604635691675075,0.91803687921199773,0.87718129188047511,0.58267623632684573,0.92694851140116918,0.63529165284698286,0.9320907098439648,0.75847408291669816,0.6601241636447942,0.71540386049449023,0.61691476029766101,0.89061284190382728,0.87063287540475143,0.93230706070214975,0.85812597831899484,0.88629920074413338,0.87155761998860659,0.79878219578653942,0.76115720110875851,0.89340315882792265,0.867358923738763,0.85575323204856035,0.96103949069957961,0.83269063281935207,0.50984340834283004,0.93413865252827044,0.76058501025822478,0.86214581344942109,0.93983652226010284,0.85915154729986465,0.79990997282578102,0.9737326733795747,0.90350590868099023,0.90824141885648146,0.82358374725849359,0.88640391245356998,0.76495303329029773,0.83172929634328596,0.83945909306028066,0.76443601229187852,0.95617741186832295,0.76506451753638605,0.60953380503060617,0.88101087140096002,0.87508211329427399,0.84809859239858543,0.90693251719539758,0.85720073075905201,0.92304455363562898,0.88461356039107475,0.81881479686078529,0.60569799518629996,0.83280956682167273,0.70486220337382011,0.935222618861976,0.68330265852889771,0.86926319620071291
3.0,0.84042214257087,0.82091417018926072,0.8921832977222065,0.0,0.75930597669006283,0.90645321137010715,0.8693083330949356,0.84429401833624684,0.79407210067086609,0.97823214836961925,0.85692440725879915,0.91821076441455163,0.8638389682327402,0.85208105116448218,0.83321024010572242,0.85678919322261982,0.83519512349680258,0.87810172773045603,0.88700574726071124,0.80239016410860708,0.83638470738160686,0.88431453873046251,0.91582110544040807,0.89169637823287773,0.96235596282633284,0.87032240096612423,0.85890047647663248,0.92649831576978303,0.96808434900138263,0.77269963793833896,0.88607445400727702,0.68019314124209496,0.92056950479512833,0.72819335423563047,0.84499237291066742,0.9152370793299559,0.95843584104909529,0.82410696245856208,0.90799257497300112,0.98184307082962075,0.90367352790678868,0.86794808719973471,0.79951560978016956,0.83657057875841279,0.82800862250252449,0.78974066962999145,0.887278405397255,0.8447655477114836,0.88129468238473763,0.83654402176636922,0.86287482618183686,0.77413567517924697,0.93510108284824145,0.89463790562202505,0.91708449500514111,0.84159158422256242,0.8665346758189304,0.6873797931931831,0.84043334702994532,0.83807876796183323,0.95263408607960065,0.87660951003591703,0.7961482318589177,0.77678489675918083,0.86845150390973025
4.0,0.90331029030681631,0.86231033333443707,0.86467076225111139,0.75930597669006283,0.0,0.92025537569330895,0.87667106542015028,0.77924005246397887,0.73087465163721843,0.98226924203657151,0.84896984900387884,0.89266183102307084,0.89261064220608599,0.86282473658665293,0.87412840681787174,0.83297456338038678,0.74814977373816605,0.88014662012900025,0.82733348253564343,0.81441146524608954,0.82012873455489965,0.89349274824121128,0.9306791632052529,0.93862046714391911,0.9629541681670204,0.86025820341079418,0.89526724046185202,0.95390109735158668,0.96801187207533324,0.74007186330745278,0.83080818519061439,0.55903355377854036,0.88233347277318963,0.79150138485960286,0.82641243934655906,0.94667598542106057,0.96359076166099089,0.84908226138244713,0.9360824260891546,0.98746811409205226,0.90737767108975409,0.88382712700862986,0.70688179650367633,0.87901893057211611,0.74537992482632309,0.64130763553251457,0.76240337088364074,0.73647393078710444,0.95766995049873294,0.71811803726849788,0.83238910452013559,0.66516909083285658,0.95404236367603124,0.89206716019365506,0.93488287349522359,0.73531959540674918,0.91122296020072646,0.60192608027094563,0.82053873137678646,0.82115055093258194,0.9549507530406135,0.8828371887684997,0.66842324361650063,0.82246979757083372,0.87912129261687788
5.0,0.91615663711692685,0.70299078488060451,0.68500015987297613,0.90645321137010715,0.92025537569330895,0.0,0.85609899049977911,0.84545275282970567,0.94749687475416955,0.93044384081398945,0.90994867269475344,0.83795999697071522,0.92672733951830111,0.7863602674402268,0.93185907611495045,0.79946225235727542,0.76447778145251255,0.78502617914539086,0.81897735749995548,0.91069225113561714,0.88173226908040103,0.95256651867824493,0.90499540855068172,0.83426866256743437,0.93814467479559482,0.75236641302339491,0.69134187227154731,0.82551989279680127,0.93475414284725722,0.84547953420677191,0.97359422994512956,0.88251302786951225,0.82977853855620776,0.95530080436768228,0.81361536762059938,0.69746364957127971,0.9292311876986501,0.9022163140854631,0.60381942939909272,0.96354900480844963,0.91562617904915211,0.88136941118152323,0.871675325538946,0.86018969720089966,0.83667076741778645,0.84813179947278527,0.88832313681510089,0.84612839654812866,0.93688508181736008,0.78620575922544989,0.58640251060098569,0.92820174333543848,0.84975536411575781,0.84323424881279374,0.92784779275939055,0.81539297035368485,0.88640807670508803,0.87616838210279302,0.75584865245674515,0.63115588857961158,0.86384281521893791,0.63797928351120625,0.96456002775255267,0.64528318182596522,0.8544076538825206
6.0,0.65415871417109417,0.81007197564911793,0.88192457730895979,0.8693083330949356,0.87667106542015028,0.85609899049977911,0.0,0.74978296452136983,0.85691156776775046,0.97132363546216494,0.73914749023614679,0.81936491532274669,0.94267528259421385,0.82280636067187185,0.8373330843572907,0.79974876500373282,0.80424478321186221,0.66621812141342263,0.83453834429309914,0.82820025379543516,0.74971676265938647,0.91630093632333043,0.82639356044496959,0.89588140540101935,0.93265802271038667,0.75434588132377456,0.78415304212119996,0.92415203474665941,0.95008563572665672,0.5699675542431426,0.9325959824009894,0.85911998069538587,0.87049345755926411,0.89178662979661172,0.7925747911007176,0.84918800093551572,0.94734563043735986,0.80614542757372321,0.81081869382753613,0.97416988601627374,0.86804815842017558,0.68290050861150509,0.86242342647865222,0.64160548334018108,0.80222129528869202,0.83060131755673838,0.76857598706314012,0.8455705135242807,0.88923392716733152,0.69684348168532528,0.78837064438339455,0.86688825533982961,0.91418639535271951,0.71307985661981155,0.9315723410101473,0.68489849998570296,0.67619342028273388,0.78355529870983043,0.81464182525826045,0.81795196108982926,0.93191339791593486,0.82645555571254414,0.89472822874548397,0.67535181777494979,0.81042982605934943
7.0,0.87146198590224511,0.78395277787154349,0.79935518046428167,0.84429401833624684,0.77924005246397887,0.84545275282970567,0.74978296452136983,0.0,0.76333172987477371,0.97571441106298828,0.84735676632889911,0.85281572931077354,0.94472443089487645,0.84071300949986705,0.88556709410439416,0.82951712490651386,0.64884374796859789,0.76452138539332037,0.64192812378232733,0.85680821853203371,0.67507241479253777,0.66492009799350016,0.88252358770563799,0.93218816446433661,0.96782444414888313,0.74136326944220932,0.81010894366392572,0.9455600899490465,0.97395046703645471,0.68405668351030369,0.94825606719620847,0.77834226211705293,0.84533016530916483,0.90333489877628081,0.5277338070554779,0.91233269089166724,0.96230515056163712,0.86266684705091867,0.87513567354401134,0.98479552110187474,0.88278639461571617,0.82056017530151015,0.81684812687504849,0.79640374084173771,0.71251848963739006,0.78402187267489087,0.70409957481958751,0.82435135940143744,0.95899703880119014,0.64364087186821939,0.67911860321440498,0.82061020380985694,0.94306387570832118,0.78222708873178626,0.87591237429086688,0.73393086158022203,0.86530398630405758,0.80495211467523231,0.81562727303722338,0.68287420345184102,0.95186337895374473,0.82517268000401722,0.89816575328371007,0.70010919401968175,0.72358791975506487
8.0,0.80734735920180667,0.84886615324366144,0.92604635691675075,0.79407210067086609,0.73087465163721843,0.94749687475416955,0.85691156776775046,0.76333172987477371,0.0,0.9803778922908577,0.86073603229928042,0.93301495357794229,0.87318804426850805,0.8988370779147028,0.85064267608112698,0.88278261522537405,0.84756827218308828,0.87129174234863582,0.84205568160620836,0.82117455452317345,0.69954286676264443,0.77662791087412886,0.90847154716874912,0.91433824815180698,0.96022193475177342,0.89701840419551615,0.9125789384651527,0.94065305307342839,0.96511048519835851,0.74479500067904669,0.83409074162686769,0.77440320214049252,0.93411387834439175,0.78498498205357292,0.81961162680011046,0.94291901298716763,0.94433676989208293,0.87631147238591078,0.95017059256088221,0.97912820604582296,0.89259360955392086,0.82631569789786652,0.83411283659595259,0.84486502701087884,0.78682115185449308,0.79939099111695222,0.80924744832635986,0.86239989484851731,0.88465243982593866,0.8334656542143174,0.90937499278689893,0.70710627428311246,0.94787219047314619,0.89211226281066369,0.86580550059266626,0.84408477486450773,0.86292847200132861,0.83434014834370118,0.86596933213865956,0.88136159502088096,0.96235850241116649,0.90241038409134422,0.7322183225387453,0.84000718205645442,0.83313286782787344
9.0,0.95813587226240382,0.93199294281590794,0.91803687921199773,0.97823214836961925,0.98226924203657151,0.93044384081398945,0.97132363546216494,0.97571441106298828,0.9803778922908577,0.0,0.9620540017850514,0.93081903709355551,0.92118217081302411,0.91644635565038812,0.97613362908585777,0.95392567374127657,0.9675519000833227,0.94688661554547993,0.94171650050125899,0.97516620178419555,0.95229692211475891,0.97177378512150514,0.93550414900007683,0.91853070531567849,0.91636425673354149,0.95895966706810698,0.95864726949809054,0.90425648232145683,0.90860966447797908,0.97931106068435037,0.97102948129753475,0.98251431042524606,0.91349517272820069,0.97587310136612426,0.94486576659186206,0.9172211513297831,0.94078538236419607,0.96228422775288736,0.93124873408359465,0.94728052242901351,0.92241162125652632,0.97318830031058368,0.96115768216020825,0.9658922851449121,0.96080825575666406,0.97776773063422562,0.97502060753877229,0.94880070450492615,0.93872341745882304,0.98065918217650938,0.97105214677784446,0.97711957088037382,0.9336172092134335,0.96933456121298267,0.91624517929036497,0.97647089568996381,0.96263986752747122,0.98065787568251517,0.9635138758751951,0.96060931299468788,0.91088451412621785,0.93370243985756196,0.97733423771059835,0.95038865882239509,0.97270998249605634
10.0,0.70906255424685616,0.80682949228336198,0.87718129188047511,0.85692440725879915,0.84896984900387884,0.90994867269475344,0.73914749023614679,0.84735676632889911,0.86073603229928042,0.9620540017850514,0.0,0.81965114173110076,0.86047462691502041,0.78251703740404643,0.75714307581328866,0.71424168535202404,0.88635966990852999,0.79141187453377659,0.84803386250252988,0.76834527553094945,0.82486272817947215,0.92141788118670331,0.80677942719306617,0.86457647015598271,0.9035376086869753,0.86924127468923618,0.83940049437642994,0.90880204750965665,0.91405311678292067,0.70770010182557452,0.87335200333458896,0.8779110331763722,0.85815903509490288,0.7592459269850067,0.83717845652396283,0.91068227653173039,0.93656460862000768,0.7025019066633339,0.90856148854634577,0.97659398637181416,0.84485012212263855,0.79235775623186255,0.79794234869402469,0.72878128206299708,0.79502037971632411,0.78307293805168687,0.805737624196455,0.78170237793937869,0.80939734927731,0.78526407160787304,0.881288026837167,0.79099921620732727,0.88384970084693792,0.85510393308742194,0.90873462795373527,0.81949259834761556,0.81250432514182735,0.78764417074651172,0.82836861272221118,0.86033790603400617,0.91206826195687807,0.83474816802966068,0.80415558756922478,0.77650445821834668,0.8507698871045325
11.0,0.86959219804825671,0.8499286617243792,0.58267623632684573,0.91821076441455163,0.89266183102307084,0.83795999697071522,0.81936491532274669,0.85281572931077354,0.93301495357794229,0.93081903709355551,0.81965114173110076,0.0,0.94994330827433626,0.68128871626556153,0.9292633387882957,0.79281264010724251,0.82366612782206772,0.61048517114182943,0.62764952155799281,0.89316580469730755,0.89277979993769008,0.94829636136691942,0.82818505518102969,0.9265204283379419,0.74730297320551131,0.85656272873545314,0.84447607981425665,0.93110392702365685,0.84839831743352601,0.81920297641606721,0.95515243799828742,0.90327032366300908,0.43307357672212754,0.92398197965216167,0.84313966895085934,0.90930154121670648,0.94493846418908956,0.83209619147515057,0.85952764431455675,0.98085484317283622,0.91973628578102551,0.89343159969855745,0.88163603778316368,0.87107427405801141,0.8260309732252672,0.89164068604857893,0.84113172371071476,0.8194982823666247,0.9598237263344187,0.80601112718244161,0.76580821691581358,0.88421742567293282,0.87825250141006173,0.88123548312735134,0.90824257715468781,0.8863605502791263,0.91211922160727521,0.89589666521230371,0.88020587953553375,0.78541759693062441,0.8376534133649377,0.81345870519295582,0.92992133303629054,0.75517390317345645,0.90410872687104404
12.0,0.8583073003009144,0.79633368421875939,0.92694851140116918,0.8638389682327402,0.89261064220608599,0.92672733951830111,0.94267528259421385,0.94472443089487645,0.87318804426850805,0.92118217081302411,0.86047462691502041,0.94994330827433626,0.0,0.83775634729879045,0.88395874276776443,0.84806784772938992,0.95194770189613398,0.93411319463569364,0.93554678220769694,0.86746396184778785,0.8142390633280141,0.8973753147623218,0.92019997249401897,0.75796544239874353,0.89156705185135898,0.9371644337590439,0.92843531073098851,0.82935808508719067,0.87631020757871203,0.95368688229658249,0.83483193602311401,0.92681905141411169,0.9373463892372681,0.79356285998832543,0.87206020044257837,0.88365184891668047,0.85689339716289237,0.86850402229936541,0.93691801502677008,0.9374059565230638,0.80380965936829429,0.92504407519303089,0.71235392413544973,0.8928590657314992,0.85999321294865705,0.89837067830508721,0.94648546221684204,0.82702300043086541,0.76428293951577586,0.98439005263384483,0.98514336767076816,0.85812749821479051,0.86598989078572453,0.92356663072251044,0.83320009073556622,0.93531334219166862,0.89994834374342392,0.93427633756812389,0.89909299935542442,0.9427613095975772,0.89833301729703718,0.88159620768706148,0.81052753994958204,0.88423402036268117,0.91770580635306631
13.0,0.82448445233992318,0.75576049017391689,0.63529165284698286,0.85208105116448218,0.86282473658665293,0.7863602674402268,0.82280636067187185,0.84071300949986705,0.8988370779147028,0.91644635565038812,0.78251703740404643,0.68128871626556153,0.83775634729879045,0.0,0.86354868796770468,0.71491784735319663,0.81816450552150599,0.72957329410368477,0.68799762638240125,0.83185050414177408,0.81543684944890138,0.92790312061658475,0.8102580855769701,0.82290771049019173,0.83985663603152583,0.85250339274878195,0.79930103795075447,0.86752725184806023,0.83636422100149321,0.79928418580374383,0.92842511545347473,0.86230124517345164,0.65062786664104943,0.86421520813847985,0.78932012883898617,0.84948364680057942,0.90868472400294908,0.7484133469585379,0.82206372662541383,0.96910809591089442,0.81855632326956751,0.85990070986361322,0.78273043817755528,0.80214601939853358,0.75401999588351654,0.8198013057538508,0.85768123316397082,0.77780778263476258,0.86261585236447258,0.80298264055856616,0.76714663440057007,0.85607241141309343,0.83159257292209676,0.84437933284047739,0.86365732990435506,0.87135850016779792,0.88018471571448631,0.85826848748731244,0.76687922995737134,0.76393383726560171,0.82234689510613623,0.7157316414600875,0.88061916800817541,0.64898368237192317,0.85028386543687329
14.0,0.82647897991503072,0.85141555944383629,0.9320907098439648,0.83321024010572242,0.87412840681787174,0.93185907611495045,0.8373330843572907,0.88556709410439416,0.85064267608112698,0.97613362908585777,0.75714307581328866,0.9292633387882957,0.88395874276776443,0.86354868796770468,0.0,0.80064744542150201,0.88980801668663934,0.89703778127624156,0.91463395053492147,0.75530117621578052,0.86740055671595073,0.9236282558292519,0.90962178301152474,0.8976365971499205,0.96100674929851837,0.88467184907591179,0.86777960299735113,0.93342729023425242,0.96139328787722778,0.77603594929976494,0.9066302813733752,0.8585685923715437,0.94078955996224867,0.70162098007176521,0.87499454972361013,0.92938830325993127,0.95869900223675819,0.76801527858937857,0.9311860622388809,0.98285463869985079,0.88254440940243428,0.85269585525597769,0.80275852095882672,0.80821987106073301,0.86731915747981214,0.79952274384356548,0.88769128947501796,0.81722312328363167,0.83641534254960637,0.83767012998740908,0.9076868621565769,0.83662659942959372,0.90654961404883594,0.90784786025393749,0.92292168085172399,0.83386378136697958,0.82128573901296187,0.81847153294605346,0.88210279854868068,0.88708624036306671,0.95403197238651993,0.90049839371689666,0.87180977578522822,0.84274655668395215,0.88632226108712309
15.0,0.81809649664055073,0.68752556848975199,0.75847408291669816,0.85678919322261982,0.83297456338038678,0.79946225235727542,0.79974876500373282,0.82951712490651386,0.88278261522537405,0.95392567374127657,0.71424168535202404,0.79281264010724251,0.84806784772938992,0.71491784735319663,0.80064744542150201,0.0,0.81942825662430474,0.76385923616355411,0.76976432060755584,0.77799234409603846,0.83126264748018008,0.93212180291969526,0.83517430599983888,0.84903476580262749,0.9197175244570025,0.78953590510162608,0.71307006958028352,0.86022251509782488,0.91471463811909526,0.73509385615389422,0.90873588838321195,0.84955567051640424,0.79485547093556053,0.78832596393162335,0.79623216641918237,0.85720876022819026,0.89675710727910607,0.70541257479808883,0.80598764709924342,0.97240333030527282,0.86238177208557631,0.80170903217870915,0.69556277990407989,0.75237538289457129,0.72749156496440803,0.77045100626933161,0.81643932571457967,0.7164147636503837,0.84578752931141987,0.75409376306709586,0.764601314418481,0.82672019288204535,0.85410259967604818,0.85321463348638593,0.91479682257597894,0.78291060240360455,0.80473619369741223,0.82234036753489903,0.80589045499884671,0.76015431780312137,0.88927200976472942,0.73813362747518929,0.87692765838666542,0.70815499074341848,0.83411505491825233
16.0,0.91032913464292708,0.72256668308545058,0.6601241636447942,0.83519512349680258,0.74814977373816605,0.76447778145251255,0.80424478321186221,0.64884374796859789,0.84756827218308828,0.9675519000833227,0.88635966990852999,0.82366612782206772,0.95194770189613398,0.81816450552150599,0.88980801668663934,0.81942825662430474,0.0,0.81368398879570336,0.73441227829151989,0.87854416243463185,0.82370391390982978,0.90413727544745537,0.92619969018950365,0.94949632116222993,0.9755895725670285,0.78621346665888403,0.79448843072945363,0.95733422238561017,0.97332138001395574,0.73209646990811084,0.96735775656873413,0.57415322951881664,0.79432362759936725,0.90971793438627757,0.68371118001751952,0.92028484598345328,0.97590960428435047,0.89141196013966917,0.86783122730444695,0.97442353490123068,0.93597888808215346,0.88483490652520691,0.71921630826907079,0.81989106122922262,0.72011299970709253,0.67397586026716705,0.78512506035366614,0.75840052007939307,0.98324668321063435,0.57890258356789492,0.55668503105017508,0.82743681707223593,0.95033252748227259,0.60693951497048415,0.94637759517248898,0.74039244194528453,0.90698413232938713,0.77428943694657781,0.8158681497491882,0.60316370489092919,0.94059851673698724,0.82885519769695815,0.91886600722281719,0.74680675526950779,0.83844036257511467
17.0,0.73165920738723655,0.76426669606606612,0.71540386049449023,0.87810172773045603,0.88014662012900025,0.78502617914539086,0.66621812141342263,0.76452138539332037,0.87129174234863582,0.94688661554547993,0.79141187453377659,0.61048517114182943,0.93411319463569364,0.72957329410368477,0.89703778127624156,0.76385923616355411,0.81368398879570336,0.0,0.69453270644826126,0.86286511799203769,0.79002054031037539,0.91080278466732922,0.74013537364603077,0.88278565710924117,0.87522147614656987,0.73065028913235552,0.7644134803007665,0.9033879716473241,0.88453321706927646,0.70562128075455333,0.92848807853339543,0.89912459740859263,0.67550420435249015,0.89846254408283666,0.76553502387025507,0.85098738832424381,0.89534793214142572,0.81934668751035866,0.8095225478826471,0.96420618792257151,0.84754818289611322,0.72759974087693402,0.87310451479934381,0.72271152318816845,0.78440830045668275,0.86896610614938219,0.74461709362841455,0.83933130636457498,0.90579990721785608,0.76781013792001129,0.72643990158972882,0.86708520285285429,0.8444642604426098,0.76565810920400834,0.89638696796146722,0.79001602870705401,0.75702393509576504,0.84704922404084526,0.81357937347207354,0.72690094076111722,0.84211329499016396,0.73437714338327065,0.9120375879877809,0.62385019080745963,0.75164324915796266
18.0,0.87370958353053096,0.81784457212755912,0.61691476029766101,0.88700574726071124,0.82733348253564343,0.81897735749995548,0.83453834429309914,0.64192812378232733,0.84205568160620836,0.94171650050125899,0.84803386250252988,0.62764952155799281,0.93554678220769694,0.68799762638240125,0.91463395053492147,0.76976432060755584,0.73441227829151989,0.69453270644826126,0.0,0.89106732709160474,0.76131865014880451,0.84777435448847582,0.85124071419650904,0.93469122355780765,0.88067542222830975,0.8166754628481776,0.83139331651967074,0.94004835220787575,0.89394708874620155,0.78031440460550783,0.95426234259881138,0.85664455265598194,0.55582893807277201,0.91569105270644024,0.59110996962118689,0.91020823172466014,0.94374716159486871,0.84435642903746844,0.87213820281289411,0.97787164231800372,0.85585776620679033,0.86342310997509908,0.82741399016347239,0.85536349337994944,0.72717241278121925,0.85405206446312143,0.78884720424563626,0.80794185531337637,0.96102944968081827,0.72594559558137406,0.67238049281414025,0.85217651084260737,0.90593377007367692,0.83764902654900797,0.78555257944310286,0.85742163390753556,0.90626057183809461,0.86830373569686781,0.81896102408562377,0.72309078346708944,0.88262932011947248,0.79054109724459898,0.90095779531722386,0.69965666045459407,0.83433624298989928
19.0,0.82428286393746686,0.82846729665407859,0.89061284190382728,0.80239016410860708,0.81441146524608954,0.91069225113561714,0.82820025379543516,0.85680821853203371,0.82117455452317345,0.97516620178419555,0.76834527553094945,0.89316580469730755,0.86746396184778785,0.83185050414177408,0.75530117621578052,0.77799234409603846,0.87854416243463185,0.86286511799203769,0.89106732709160474,0.0,0.84333195567578156,0.90059141004143417,0.89196522513036114,0.86857938678383106,0.94719737013740712,0.86022921385643603,0.85941576162368027,0.92366457916429234,0.94774266384321837,0.72132998118890002,0.82872320271054678,0.82306458972429097,0.91328334548585011,0.73518751108716263,0.85547232458863576,0.90570909484313034,0.94436499738037405,0.66934915161369191,0.88351065864512723,0.9799557442256539,0.88579970343706782,0.84409340182143389,0.8135945135901701,0.79961634490293465,0.7995547661307324,0.78739576350686857,0.8569766809553605,0.77687608760631244,0.84143570032196047,0.81200787933811602,0.8760384801279395,0.7401949260275078,0.91991030084920888,0.89804848826177885,0.92503988109927304,0.8404755442111348,0.8550241994667237,0.79872388426305685,0.85862326635474029,0.85534347950512624,0.94017546101521698,0.86734487831826446,0.82529024143424479,0.78005750142689068,0.86761837220535742
20.0,0.75826416837756194,0.79815062356216671,0.87063287540475143,0.83638470738160686,0.82012873455489965,0.88173226908040103,0.74971676265938647,0.67507241479253777,0.69954286676264443,0.95229692211475891,0.82486272817947215,0.89277979993769008,0.8142390633280141,0.81543684944890138,0.86740055671595073,0.83126264748018008,0.82370391390982978,0.79002054031037539,0.76131865014880451,0.84333195567578156,0.0,0.75148253641491036,0.87210420876845762,0.85137962006260015,0.92568420680202956,0.82906943139365474,0.85356792402861159,0.88302141673310941,0.93221165487003688,0.74547452739467013,0.88080877945580482,0.86118322842042638,0.88508248579829585,0.86915349487681814,0.64304024918273917,0.83972051114660273,0.87810692231511467,0.83733009275601744,0.86984613133034461,0.95439920844814563,0.74329042541228552,0.77681631953897401,0.81031275678919645,0.77127473409582559,0.7112738073398801,0.87447130631025904,0.77645255489109299,0.80945279852075525,0.8518968997217522,0.82271612269508332,0.85790392822689465,0.83000252404786468,0.90121867238801923,0.81508123990844927,0.76996107150789728,0.77542656422888079,0.79264750103777648,0.85117297134276304,0.80189412223167289,0.8510610229232799,0.92245374371084521,0.84170500854720032,0.83628012482760594,0.7184912043572953,0.76360662747165342
21.0,0.90758972830053031,0.89097551525238194,0.93230706070214975,0.88431453873046251,0.89349274824121128,0.95256651867824493,0.91630093632333043,0.66492009799350016,0.77662791087412886,0.97177378512150514,0.92141788118670331,0.94829636136691942,0.8973753147623218,0.92790312061658475,0.9236282558292519,0.93212180291969526,0.90413727544745537,0.91080278466732922,0.84777435448847582,0.90059141004143417,0.75148253641491036,0.0,0.9406809926496128,0.91353854765085352,0.96529265399705799,0.91211030458544018,0.93350214854211688,0.94394728882091639,0.96863720639151241,0.89457890771201942,0.92827168556548867,0.92237357061681735,0.94344721142813337,0.9037823771550727,0.7600514946412783,0.95065738978483683,0.95127154990985141,0.93618572404138267,0.96121337313087196,0.98224230742223273,0.90124986884587133,0.91704276911744609,0.90256238447724491,0.89913520285418203,0.87373921631602081,0.92016177218018269,0.8979485145089342,0.92818805838570095,0.91072530894883197,0.92958111697322443,0.93320196346034856,0.88181242983184094,0.95473280740446687,0.92672744533333762,0.7811783264024188,0.92342609078698001,0.92714297589322614,0.93179475619042229,0.91397437028190787,0.90247336097980668,0.96827873690919719,0.91818561989468817,0.90359336593897299,0.88061663076913266,0.87455276073145682
22.0,0.78322499409556579,0.85692518389131034,0.85812597831899484,0.91582110544040807,0.9306791632052529,0.90499540855068172,0.82639356044496959,0.88252358770563799,0.90847154716874912,0.93550414900007683,0.80677942719306617,0.82818505518102969,0.92019997249401897,0.8102580855769701,0.90962178301152474,0.83517430599983888,0.92619969018950365,0.74013537364603077,0.85124071419650904,0.89196522513036114,0.87210420876845762,0.9406809926496128,0.0,0.87418125401637259,0.8974245320386971,0.83373107838295291,0.87840749766120274,0.89623772108157274,0.89942423817997219,0.85854373941238782,0.92323588375776677,0.9450929431932239,0.84087956385221352,0.9113565128960569,0.8783240898578818,0.90717633870095016,0.93181729328099794,0.84422815669879858,0.89937304258861672,0.96565835783655318,0.87209771999724572,0.8102497391769703,0.91956817435490712,0.84773556835986275,0.86680741323038679,0.90746632521755977,0.83354141800549419,0.87872777621836207,0.86090721468724174,0.89359991120524052,0.89126975259381747,0.91324832309235737,0.85997804813089007,0.90614758703203324,0.91188642680308107,0.88417232896864872,0.85003230887903725,0.90753449521842211,0.89107672487210032,0.84392630029116922,0.85185876336699684,0.86368036936854709,0.91081958824933229,0.81562827548026262,0.76548367887918523
23.0,0.83978412329124374,0.73046784970194867,0.88629920074413338,0.89169637823287773,0.93862046714391911,0.83426866256743437,0.89588140540101935,0.93218816446433661,0.91433824815180698,0.91853070531567849,0.86457647015598271,0.9265204283379419,0.75796544239874353,0.82290771049019173,0.8976365971499205,0.84903476580262749,0.94949632116222993,0.88278565710924117,0.93469122355780765,0.86857938678383106,0.85137962006260015,0.91353854765085352,0.87418125401637259,0.0,0.81325952383832567,0.83741024440278622,0.82547098201070246,0.70249163070667586,0.85863286237476877,0.94977379861078826,0.89120184151652015,0.94801951290273356,0.93516430601178768,0.87941276391122825,0.86142019392452673,0.77364253151764495,0.84719927143313378,0.85875533299074813,0.85014481258047847,0.92906891563846006,0.83520266506650109,0.87391381247211641,0.85751638828779631,0.85498178414275283,0.90301803244025991,0.86700409434858705,0.93422433533402227,0.87092681263310423,0.7132671974781789,0.98392765221260414,0.96862649539427936,0.9124159329525342,0.83588499866470067,0.91797133941193043,0.83737063849004834,0.91119271458528328,0.81069332705714992,0.91771782211133368,0.87631298867186547,0.85327693736910959,0.86651305368459053,0.79085410041743975,0.88582525185477712,0.8219956493333116,0.82565596973576072
24.0,0.90532917020937365,0.92050384917619987,0.87155761998860659,0.96235596282633284,0.9629541681670204,0.93814467479559482,0.93265802271038667,0.96782444414888313,0.96022193475177342,0.91636425673354149,0.9035376086869753,0.74730297320551131,0.89156705185135898,0.83985663603152583,0.96100674929851837,0.9197175244570025,0.9755895725670285,0.87522147614656987,0.88067542222830975,0.94719737013740712,0.92568420680202956,0.96529265399705799,0.8974245320386971,0.81325952383832567,0.0,0.94076489788884099,0.94846575803153521,0.86789781751463302,0.82146066416269803,0.96325601173619391,0.94747251071266614,0.97902752084202127,0.81395293070397179,0.94506008640424177,0.93016532908340699,0.91092936189839269,0.90301049177064596,0.91194648210172169,0.91774831339300489,0.96082265515045473,0.89919062564121421,0.94801404064649908,0.94442684852959313,0.94165789425534419,0.93593481742456186,0.96221379324392275,0.95404777509205851,0.88692705082961454,0.89860987227106237,0.98437914797185344,0.9846448133372786,0.95044679227871853,0.90198472118670725,0.96583117971736732,0.85529998109047645,0.96253374691549776,0.93457125804377283,0.96870164080984156,0.95413638944707369,0.94603561225760302,0.85180621203941587,0.91271746067998827,0.94214052473050058,0.90427102265772541,0.9428468911252228
25.0,0.87144983903580764,0.748029966454552,0.79878219578653942,0.87032240096612423,0.86025820341079418,0.75236641302339491,0.75434588132377456,0.74136326944220932,0.89701840419551615,0.95895966706810698,0.86924127468923618,0.85656272873545314,0.9371644337590439,0.85250339274878195,0.88467184907591179,0.78953590510162608,0.78621346665888403,0.73065028913235552,0.8166754628481776,0.86022921385643603,0.82906943139365474,0.91211030458544018,0.83373107838295291,0.83741024440278622,0.94076489788884099,0.0,0.65362206686133195,0.83469541665294444,0.94342876712238377,0.76326846231066314,0.94218936010701015,0.83947533814725128,0.87169984692332569,0.91630340195764381,0.7820237102515819,0.77525390434304731,0.94293381985413594,0.86016074919180052,0.71353377871875368,0.97157467000823039,0.86757004436050833,0.71293259339256809,0.85259924306275947,0.80014666813911672,0.8343992886371987,0.79504324552661498,0.76969897313142788,0.80506391900780283,0.90049310580632913,0.73066475581253132,0.68361577475395796,0.89766943409423949,0.89230900675133895,0.85978314559731761,0.92408586492156519,0.63777058073878934,0.69190573595851368,0.74293511891659725,0.80126396856080673,0.58284109059749412,0.91734597335183754,0.73892936620078942,0.92825860477917166,0.71037452777963495,0.65114922432785172
26.0,0.86206891990216128,0.65556792788286866,0.76115720110875851,0.85890047647663248,0.89526724046185202,0.69134187227154731,0.78415304212119996,0.81010894366392572,0.9125789384651527,0.95864726949809054,0.83940049437642994,0.84447607981425665,0.92843531073098851,0.79930103795075447,0.86777960299735113,0.71307006958028352,0.79448843072945363,0.7644134803007665,0.83139331651967074,0.85941576162368027,0.85356792402861159,0.93350214854211688,0.87840749766120274,0.82547098201070246,0.94846575803153521,0.65362206686133195,0.0,0.8382431488426042,0.95266568000334995,0.76778590149335924,0.94871529696704571,0.87503549609308373,0.85664075204177514,0.89271500105080481,0.79723667723206959,0.78963979003076368,0.94752555132448424,0.83023966454669151,0.71431653689292551,0.96933917689734783,0.90147226512505252,0.7826742261994929,0.83134384002267159,0.75806294988371437,0.83148980336497291,0.78293321084141221,0.83780710944124581,0.83430251912935482,0.88898116652117398,0.76427760137756473,0.67527465948711574,0.89287130443755658,0.88552878909339217,0.82596967399869181,0.93931279006993007,0.75326940272585541,0.76656048033394464,0.82567667354901175,0.79519898620896534,0.63497843155829781,0.90897566685398179,0.70756152858908838,0.93482504831859881,0.68857472580795975,0.79855456651056678
27.0,0.89597351612611287,0.75236736803639304,0.89340315882792265,0.92649831576978303,0.95390109735158668,0.82551989279680127,0.92415203474665941,0.9455600899490465,0.94065305307342839,0.90425648232145683,0.90880204750965665,0.93110392702365685,0.82935808508719067,0.86752725184806023,0.93342729023425242,0.86022251509782488,0.95733422238561017,0.9033879716473241,0.94004835220787575,0.92366457916429234,0.88302141673310941,0.94394728882091639,0.89623772108157274,0.70249163070667586,0.86789781751463302,0.83469541665294444,0.8382431488426042,0.0,0.8384454732172183,0.95113089517653138,0.93068068727642672,0.960431500668947,0.92518690960587358,0.93222191329304982,0.90219108161822847,0.7641138924855625,0.87670351234201072,0.90752511139875902,0.78637528728514206,0.95109244276375604,0.86848361798641649,0.89157666165515825,0.90176155454321161,0.89936585574491112,0.91867376842166926,0.90983882577756592,0.93424497453747701,0.86669788631173128,0.81707118445537275,0.97123285463995257,0.94403992730184583,0.94881476867499026,0.83640487654724593,0.94475277534236579,0.87693838174073524,0.87770875033449158,0.84126887105921,0.93608256276577029,0.899767443150159,0.86354348277492121,0.84895496986332786,0.80084079500057292,0.93471959006234684,0.86493756303189284,0.86614479759595442
28.0,0.91756271282297075,0.9295986226466173,0.867358923738763,0.96808434900138263,0.96801187207533324,0.93475414284725722,0.95008563572665672,0.97395046703645471,0.96511048519835851,0.90860966447797908,0.91405311678292067,0.84839831743352601,0.87631020757871203,0.83636422100149321,0.96139328787722778,0.91471463811909526,0.97332138001395574,0.88453321706927646,0.89394708874620155,0.94774266384321837,0.93221165487003688,0.96863720639151241,0.89942423817997219,0.85863286237476877,0.82146066416269803,0.94342876712238377,0.95266568000334995,0.8384454732172183,0.0,0.97158292132770796,0.94303577663807303,0.979758332678348,0.78304048210694699,0.94942429863491551,0.94024292490649408,0.88121623706322472,0.90160083965669746,0.91007567662159228,0.91990488611185584,0.94672633028755016,0.87814332355913804,0.95773844927909157,0.94593011108393421,0.95430345969321484,0.93325611228437688,0.96286284677602252,0.96047815206716669,0.82788039758843512,0.8957223015865442,0.98119744417577792,0.97873318821539468,0.9612590212717439,0.87935510693427377,0.9676584465813477,0.83747151687212551,0.95785358370467666,0.93693035658817747,0.96920359346702667,0.95587894329795953,0.95267925261772135,0.83729012127017255,0.92258576776196566,0.94724450721670039,0.91039805676649677,0.95285000242826323
29.0,0.70822767375049567,0.77931214445604802,0.85575323204856035,0.77269963793833896,0.74007186330745278,0.84547953420677191,0.5699675542431426,0.68405668351030369,0.74479500067904669,0.97931106068435037,0.70770010182557452,0.81920297641606721,0.95368688229658249,0.79928418580374383,0.77603594929976494,0.73509385615389422,0.73209646990811084,0.70562128075455333,0.78031440460550783,0.72132998118890002,0.74547452739467013,0.89457890771201942,0.85854373941238782,0.94977379861078826,0.96325601173619391,0.76326846231066314,0.76778590149335924,0.95113089517653138,0.97158292132770796,0.0,0.89134753959846103,0.72652424437018925,0.85740430364523335,0.76959898067441224,0.76041028486931972,0.87526962763810523,0.97074915377310611,0.73180055546671319,0.82042195804122398,0.98353234480329665,0.89628915735585213,0.67065075110073291,0.80395990923368821,0.60670868707135517,0.72905454529247482,0.73721991039200796,0.70795932727350486,0.79321508939023677,0.93055987727174261,0.548692730747118,0.71730339243673269,0.70459007947968277,0.93211134085950575,0.73610640741769096,0.94006687846044745,0.6643851183181686,0.75102226445848808,0.68039456819888333,0.77993289485482997,0.76635741516776379,0.94508827838703258,0.8167954109237604,0.84420032583876181,0.65216443736177676,0.78949518173047528
30.0,0.84888073095704619,0.9046928247948206,0.96103949069957961,0.88607445400727702,0.83080818519061439,0.97359422994512956,0.9325959824009894,0.94825606719620847,0.83409074162686769,0.97102948129753475,0.87335200333458896,0.95515243799828742,0.83483193602311401,0.92842511545347473,0.9066302813733752,0.90873588838321195,0.96735775656873413,0.92848807853339543,0.95426234259881138,0.82872320271054678,0.88080877945580482,0.92827168556548867,0.92323588375776677,0.89120184151652015,0.94747251071266614,0.94218936010701015,0.94871529696704571,0.93068068727642672,0.94303577663807303,0.89134753959846103,0.0,0.93738008240734194,0.96352400897663637,0.81533246424388006,0.93217102900352067,0.95750643854870954,0.9454071486961928,0.85980905811833441,0.97552095896415336,0.97463078572234529,0.87567996823458061,0.86421433814634718,0.90125198805838613,0.87090571389781746,0.91686469593229891,0.91999853287502387,0.86514720632581388,0.92049994545780667,0.82020493899728653,0.96768605954156472,0.98377300077619723,0.8641551164103467,0.9378744090430996,0.95397402039169699,0.91596194350953097,0.94255455748563266,0.88456786439480617,0.92635185760016459,0.93008442242692668,0.95655845651426763,0.95874057693118875,0.93440054783327864,0.76241927995796999,0.92439577262110451,0.9182344441269864
